[gd_scene load_steps=2 format=2]

[ext_resource path="res://Assets/background/countdown.glb" type="PackedScene" id=1]

[node name="countdown" instance=ExtResource( 1 )]

[node name="base6" parent="." index="3"]
transform = Transform( 2.56204, 0, 0.169607, 0, 2.56765, 0, -0.169607, 0, 2.56204, 5.00267, 1.32559, -13.9651 )

[node name="body6" parent="." index="4"]
transform = Transform( 0.997816, 0, 0.0660552, 0, 1, 0, -0.0660552, 0, 0.997816, 5.08748, 1.28078, -14.4876 )

[node name="eyes6" parent="." index="5"]
transform = Transform( 0.746048, 0, 0.00798395, 0, 0.0857043, 0, -0.0493882, 0, 0.120604, 5.1277, 1.88575, -13.5113 )

[node name="base7" parent="." index="9"]
transform = Transform( -0.869455, 0, 0.6303, 0, 1.07389, 0, -0.6303, 0, -0.869455, -3.74277, 0.0167187, 7.80644 )

[node name="body7" parent="." index="10"]
transform = Transform( -0.809635, 0, 0.586934, 0, 1, 0, -0.586934, 0, -0.809635, -3.94235, 0.338891, 8.14594 )

[node name="eyes7001" parent="." index="11"]
transform = Transform( 0.140591, -0.797335, 0.586934, -0.984808, -0.173648, -1.49012e-07, 0.10192, -0.578017, -0.809635, -3.58563, 0.481458, 7.02173 )

[node name="base1001" parent="." index="12"]
transform = Transform( 0.209171, 0, 0.977879, 0, 1, 0, -0.977879, 0, 0.209171, -5.94711, 0.917804, -2.31098 )

[node name="body1" parent="." index="13"]
transform = Transform( 0.06986, 0, 0.326597, 0, 0.333985, 0, -0.326597, 0, 0.06986, -5.88258, 0.790011, -2.28468 )

[node name="eyes1" parent="." index="14"]
transform = Transform( 0.150492, 0, 0.158685, 0, 0.162275, 0, -0.703553, 0, 0.0339432, -5.0675, 0.621615, -2.11436 )

[node name="base10" parent="." index="15"]
transform = Transform( 0.820882, 0.21546, -0.528895, 0, 0.926102, 0.377273, 0.571098, -0.309697, 0.76022, 9.9706, 0.0732953, -14.6824 )

[node name="body10" parent="." index="16"]
transform = Transform( 0.912687, 0.154176, -0.37846, 1.49012e-08, 0.926102, 0.377273, 0.408659, -0.344333, 0.845241, 9.94498, 0.388613, -14.7854 )

[node name="eyes10" parent="." index="17"]
transform = Transform( 0.912687, 0.154176, -0.37846, 1.49012e-08, 0.926102, 0.377273, 0.408659, -0.344333, 0.845241, 9.57614, 0.491199, -14.0084 )

[node name="base9" parent="." index="18"]
transform = Transform( -1.50647, 0, 1.18254, 0, 1.91517, 0, -1.18254, 0, -1.50647, -4.76329, 0.185795, 16.3725 )

[node name="body9" parent="." index="19"]
transform = Transform( -0.786601, 0, 0.617462, 0, 1, 0, -0.617462, 0, -0.786601, -5.11437, 1.43983, 16.8221 )

[node name="eyes9" parent="." index="20"]
transform = Transform( 0.0694275, -0.393744, 0.313847, -0.500564, -0.0882628, -1.06037e-07, 0.054499, -0.309079, -0.399818, -4.34314, 1.81261, 15.7342 )

[node name="base2" parent="." index="21"]
transform = Transform( -0.856215, 0, -0.51662, 0, 1, 0, 0.51662, 0, -0.856215, 3.15594, 0.161885, 2.02886 )

[node name="body2" parent="." index="22"]
transform = Transform( -0.498003, 0, -0.300483, 0, 0.581633, 0, 0.300483, 0, -0.498003, 3.39504, 0.95466, 2.45076 )

[node name="eyes2" parent="." index="23"]
transform = Transform( 0.201275, 3.17842e-08, -0.121444, 1.84751e-08, -0.235075, -3.09038e-08, -0.121444, 1.69157e-08, -0.201275, 2.90203, 0.556942, 1.60716 )

[node name="base3" parent="." index="24"]
transform = Transform( -0.903397, 0, 0.428805, 0, 1, 0, -0.428805, 0, -0.903397, -0.693916, 2.71663, 22.163 )

[node name="base8" parent="." index="25"]
transform = Transform( -1.123, -0.0453659, 0.0015157, -0.0453801, 1.12127, -0.0622765, 0.00100288, -0.0622869, -1.12219, 1.82664, 0.074205, 22.3723 )

[node name="body8" parent="." index="26"]
transform = Transform( -0.99328, -0.027343, 0.00136048, -0.0401382, 0.675814, -0.0559049, 0.000885859, -0.0375416, -1.00737, 1.8193, 0.712379, 22.3251 )

[node name="eyes8" parent="." index="27"]
transform = Transform( -0.201124, -0.00812483, 0.000271471, -0.0081274, 0.200815, -0.0111535, 0.000179164, -0.0111553, -0.200979, 1.74605, 1.33444, 21.2148 )

[node name="base4" parent="." index="28"]
transform = Transform( -0.436518, 0, -0.621728, 0, 0.759667, 0, 0.621728, 0, -0.436518, 16.5028, 1.98576, 12.6291 )

[node name="body4001" parent="." index="29"]
transform = Transform( -0.574618, 0, -0.818422, 0, 1, 0, 0.818422, 0, -0.574618, 16.1132, 2.21987, 12.3434 )

[node name="eyes4" parent="." index="30"]
transform = Transform( -0.186117, 0, -0.265084, 0, 0.323896, 0, 0.265084, 0, -0.186117, 14.957, 2.39925, 11.4815 )

[node name="base2001" parent="." index="31"]
transform = Transform( 0.925309, 0, -0.379215, 0, 1, 0, 0.379215, 0, 0.925309, 9.78588, 0.142739, -8.95815 )

[node name="base3001" parent="." index="32"]
transform = Transform( -0.570172, 0, -0.821525, 0, 1, 0, 0.821525, 0, -0.570172, 19.1189, 3.63921, 10.808 )

[node name="base5" parent="." index="33"]
transform = Transform( 0.66643, -0.0238876, 1.72807, 0.00845526, 1.85212, 0.0223417, -1.72821, -0.000150015, 0.666483, -8.19352, 1.32785, -5.04673 )

[node name="base6001" parent="." index="34"]
transform = Transform( -0.252298, 0, -2.55522, 0, 2.56765, 0, 2.55522, 0, -0.252298, 19.4603, 1.35133, 7.85534 )

[node name="base7001" parent="." index="35"]
transform = Transform( -0.383554, 0, -1.00305, 0, 1.07389, 0, 1.00305, 0, -0.383554, 16.6931, 0.232884, 7.2855 )

[node name="base10001" parent="." index="36"]
transform = Transform( -0.605231, 0, 0.79605, 0, 1, 0, -0.79605, 0, -0.605231, -6.95862, 0.112889, 1.65893 )

[node name="body2001" parent="." index="37"]
transform = Transform( -0.207739, 0, -0.54327, 0, 0.581633, 0, 0.54327, 0, -0.207739, 17.147, 1.0051, 7.47182 )

[node name="body3001" parent="." index="38"]
transform = Transform( -0.0385319, 0, -0.390243, 0, 0.39214, 0, 0.390243, 0, -0.0385319, 19.9123, 1.68091, 8.05549 )

[node name="body5" parent="." index="39"]
transform = Transform( -0.570172, 0, -0.821525, 0, 1, 0, 0.821525, 0, -0.570172, 18.7576, 4.97065, 10.6294 )

[node name="body6001" parent="." index="40"]
transform = Transform( 0.925309, 0, -0.379215, 0, 1, 0, 0.379215, 0, 0.925309, 9.91195, 0.432282, -9.29094 )

[node name="body8001" parent="." index="41"]
transform = Transform( -0.601655, 0, 0.803155, 0, 0.677408, 0, -0.791345, 0, -0.610633, -6.94738, 0.709952, 1.65551 )

[node name="body10001" parent="." index="42"]
transform = Transform( 0.35979, -0.0128964, 0.932944, 0.0045648, 0.999917, 0.0120617, -0.933022, -8.09894e-05, 0.359819, -7.77929, 1.65883, -4.89808 )

[node name="eyes1001" parent="." index="43"]
transform = Transform( -0.435445, 0, 0.129179, 0, 0.162275, 0, -0.572733, 0, -0.0982137, -6.30307, 0.667542, 1.14447 )

[node name="eyes3001" parent="." index="44"]
transform = Transform( 0.0724217, -0.0025959, 0.187791, 0.000918844, 0.201272, 0.00242789, -0.187807, -1.63023e-05, 0.0724275, -6.37911, 2.2314, -4.3412 )

[node name="eyes4001" parent="." index="45"]
transform = Transform( 0.299704, 0, -0.122826, 0, 0.323896, 0, 0.122826, 0, 0.299704, 9.34916, 1.04579, -7.89871 )

[node name="eyes5" parent="." index="46"]
transform = Transform( -0.0272017, 0, -0.275493, 0, 0.276832, 0, 0.275493, 0, -0.0272017, 19.8169, 2.44756, 8.06272 )

[node name="eyes6001" parent="." index="47"]
transform = Transform( -0.426307, 0, -0.0992959, 0, 0.0857043, 0, 0.614239, 0, -0.0689155, 17.738, 3.93339, 9.86615 )

[node name="eyes8001" parent="." index="48"]
transform = Transform( -0.0718932, 0, -0.188012, 0, 0.201289, 0, 0.188012, 0, -0.0718932, 16.1323, 1.2503, 7.07805 )
